0000000000000000000000000000000000000000000000000
0000000000000000000000000000000000000000000000000
0000000000000000000000000000000000000000000000000
0000000000000000000000000000000000000000000000000
0000000000000000000000000000111100000000000000000
0000000000000000000000000000100010000000001000000
0000000000000000000000000000100000000000110000000
0000000000000000000000000000010010011000001110000
0000000000000000000000000000000000111000000111000
0000000000000000000000000000010010011000001110000
0000000000000000000000000000100000000000110000000
0000000000000000000000000000100010000000001000000
0000000000000000000000000000111100000000000000000
0000000000000000000000000000000000000000000000000
0000000000000000000000000000000000000000000000000
0000000000000000000000000000000000000000000000000
0000000000000000000000000000000000000000000000000
0000000000000000000000000000000000000000000000000
0000000000000000000000000000000000000000000000000
0000000000000000000000000000000000000000000000000
