0000000000000000000000000000000000000000000000000
0000000000000000000000000000000000000000000000000
0000000000000000000000000000000000000000000000000
0000000000000000000111000111000000000000000000000
0000000000000000000000000000000000000000000000000
0000000000000000010000101000010000000000000000000
0000000000000000010000101000010000000000000000000
0000000000000000010000101000010000000000000000000
0000000000000000000111000111000000000000000000000
0000000000000000000000000000000000000000000000000
0000000000000000000111000111000000000000000000000
0000000000000000010000101000010000000000000000000
0000000000000000010000101000010000000000000000000
0000000000000000010000101000010000000000000000000
0000000000000000000000000000000000000000000000000
0000000000000000000111000111000000000000000000000
0000000000000000000000000000000000000000000000000
0000000000000000000000000000000000000000000000000
0000000000000000000000000000000000000000000000000
0000000000000000000000000000000000000000000000000
