0000000000000000000000000000000000000000000000000
0000000000000000000000000000101000000000000000000
0000000000000000000000000010001000000000000000000
0000000000000000001000000010000000000000000000000
0000000000000000011110000100001000000001100000000
0000000000000000110101000010000000000001100000000
0000011000000001110100100010001000000000000000000
0000011000000000110101000000101000000000000000000
0000000000000000011110000000000000000000000000000
0000000000000000001000000000000000000000000000000
0000000000000000000000000001110000000000000000000
0000000000000000000000000001010001100000000000000
0000000000000000000000000011000001001000000000000
0000000000000000000101000001000000000100000011000
0000000000000000010001001100000000000100000011000
0000000000110000010000000000100000000100000000000
0010000000110000100001000000011001001000000000000
0001000000000000010000000101001001100000000000000
0111000000000000010001000001110000000000000000000
0000000000000000000101000000000000000000000000000
